"CHAIN" <- structure(list(h39b.W1 = c(9.996476859, 0, NA, NA, 7.090076836, 
NA, NA, NA, 0, 0, 0, 9.305650552, NA, NA, NA, NA, NA, NA, 0, 
11.91839057, 11.09741002, 0, 12.61153775, 11.67334219, 0, 0, 
7.60090246, 6.907755279, 9.61580548, 0, 0, 0, 11.08214255, 0, 
8.517193191, 0, 11.88448902, 9.680344001, 0, 0, 7.863266724, 
NA, 0, 9.210340372, 8.29404964, 10.62132735, 10.04324949, 9.903487553, 
NA, 10.73639668, 0, 7.60090246, NA, NA, 0, NA, NA, 10.57131693, 
NA, 9.740968623, NA, 7.377758908, 0, 9.210340372, 0, 9.798127037, 
0, 0, 9.104979856, 6.684611728, 0, 6.684611728, 0, NA, 10.1266311, 
NA, 7.313220387, NA, 6.802394763, 0, NA, NA, 0, NA, NA, 7.495541944, 
NA, NA, 0, 0, 0, NA, 6.684611728, 7.60090246, 0, 0, 0, NA, 8.556413905, 
NA, 0, NA, 6.173786104, 0, 0, 0, 8.853665428, 0, 0, 7.090076836, 
0, 9.61580548, NA, 0, 0, 11.26446411, 10.73639668, 0, 10.49127422, 
0, NA, 12.4292162, NA, 0, 0, 0, 9.210340372, 0, 13.12236338, 
0, 7.090076836, NA, 0, 0, NA, 0, NA, NA, 8.131530711, 6.802394763, 
NA, 0, 0, 9.740968623, 0, 0, 0, 7.090076836, NA, 0, 0, 12.55320218, 
0, 0, NA, NA, 0, 6.684611728, NA, 12.20607265, 0, 0, 0, 0, 0, 
NA, 0, 10.36775602, 0, 0, 8.070906089, 0, NA, NA, 0, NA, NA, 
0, NA, 0, NA, NA, NA, NA, 0, 6.907755279, 0, NA, 10.57131693, 
0, 0, 0, 8.29404964, 0, NA, 0, 0, NA, 0, 6.907755279, 0, NA, 
0, 0, 8.517193191, 6.198478716, 9.680344001, 0, 0, 0, 8.318742253, 
NA, 11.3736634, NA, 0, 7.313220387, NA, 12.20607265, 7.244227516, 
NA, 0, 9.740968623, 0, NA, 12.20607265, 9.61580548, 0, 13.44196263, 
0, 9.104979856, NA, 6.109247583, NA, NA, NA, 9.76995616, NA, 
0, 0, NA, 12.76568843, NA, 0, 9.952277717, NA, 0, 0, 0, 7.60090246, 
NA, NA, 0, 10.20359214, 9.998797732, 0, NA, 0, NA, NA, NA, 8.29404964, 
NA, 10.81977828, NA, NA, 9.210340372, 0, NA, NA, 0, NA, NA, 7.090076836, 
12.4292162, NA, 7.313220387, 0, 7.426549072, NA, 0, 0, 0, 11.28978191, 
6.115892125, NA, NA, NA, 0, 0, 0, 0, NA, NA, 0, 0, 0, NA, 11.15625052, 
0, 10.91508846, 0, 8.987196821, 0, 0, 6.684611728, 6.907755279, 
0, 7.696212639, 6.907755279, 7.60090246, NA, 0, 0, NA, NA, 0, 
NA, NA, 12.86359265, NA, NA, 9.798127037, NA, NA, NA, 8.517193191, 
0, 0, 11.2515607, NA, 0, 7.842671475, 9.159047078, NA, NA, 10.59663473, 
0, 9.61580548, 0, NA, NA, NA, 0, 0, 0, 12.89921983, 0, 8.699514748, 
0, 12.18586994, 0, 0, 6.073044534, NA, 7.170119543, 8.517193191, 
NA, 8.699514748, NA, 0, 8.987196821, 10.91508846, 11.26446411, 
8.455317788, 8.853665428, 8.295798111, 10.02127059, 11.51292546, 
9.472704636, 10.49127422, 10.37349118, 7.60090246, NA, 7.313220387, 
0, 0, NA, NA, NA, 8.853665428, NA, NA, NA, 0, 0, NA, NA, NA, 
0, 0, 0, 0, 0, 0, NA, 0, 9.903487553, 0, 0, NA, NA, 8.006367568, 
NA, 10.71441777, 0, 0, 0, 0, 11.51292546, 13.12236338, 0, NA, 
NA, 0, NA, 0, 10.5813688, 8.086410275, 0, NA, 11.32659589, NA, 
0, NA, 0, 0, NA, NA, NA, 0, 0, NA, 0, 0, 8.006367568, NA, 10.51867319, 
0, NA, 0, 6.396929655, NA, NA, 0, 10.73639668, NA, 0, 11.49272276, 
NA, NA, 0, NA, NA, 9.210340372, 0, NA, 0, NA, NA, NA, 8.768729817, 
NA, NA, 7.43838353, 0, NA, NA, NA, 8.29404964, 9.61580548, 9.495519314, 
NA, 6.907755279, 0, 0, NA, 9.680344001, NA, NA, 0, 0, 11.05089001, 
9.305650552, 10.08580911, NA, NA, NA, NA, 0, 9.740968623, 0, 
10.04324949, NA, 8.006367568, 0, 0, NA, NA, 7.377758908, 0, 8.517193191, 
6.907755279, 6.91770561, 9.952277717, 9.006263883, 10.49127422, 
NA, NA, 0, NA, NA, NA, 9.798127037, NA, 9.952277717, 0, 0, 9.566265035, 
NA, 0, NA, NA, NA, 7.950149888, NA, 0, NA, 0, NA, 0, NA, NA), 
    age.W1 = c(29, 38, 47, 53, 42, 49, 39, 42, 63, 34, 36, 43, 
    45, 39, 34, NA, 37, 36, 47, 49, 38, 42, 48, 57, 47, 35, 60, 
    32, 34, 56, 45, 39, 65, 60, 32, 42, 45, 32, 50, 37, 35, 44, 
    49, 30, 50, 43, 46, 42, 48, 46, 52, 43, 39, 48, 48, 54, 50, 
    50, NA, 42, 31, 35, 40, 37, 50, 37, 44, 42, 44, 57, 44, 46, 
    43, 40, 43, 55, 48, 49, 33, 52, 43, 42, 52, 52, 41, 46, 36, 
    NA, 45, 42, 37, 44, 52, 46, 53, 49, 33, 37, 35, 35, 46, 50, 
    40, 56, 44, 36, 45, 41, 53, 34, 37, 40, 43, 46, 50, 35, 42, 
    40, 38, 25, NA, 40, 43, 44, 36, 63, 50, 38, 50, 44, 46, NA, 
    34, 42, 47, 32, 34, 38, 46, 35, 38, 36, 49, 33, 40, 44, 41, 
    50, 32, 44, 50, 46, 39, 41, 40, 45, 47, 52, 38, 38, 42, 28, 
    55, 53, 48, 40, 32, 37, 35, 43, 50, 34, 45, 34, 44, 30, 33, 
    44, 27, 31, 47, 42, 42, 42, 59, 32, 46, NA, 36, 47, 54, 64, 
    36, 30, 37, 48, 44, 30, 38, 36, 37, 51, 43, 35, 40, 48, 45, 
    28, 30, 39, 43, 45, 40, 46, 53, 52, 42, 38, 42, 44, 52, 51, 
    64, 49, 37, 32, 42, 45, 43, 37, NA, 47, NA, 46, 49, 44, 69, 
    47, 39, NA, 44, 30, 63, 44, NA, 38, 44, 41, 28, 37, 49, 43, 
    41, 39, 40, 45, 49, 54, NA, 37, 39, 53, 42, 52, 31, 51, 35, 
    NA, 31, 43, 45, 40, 28, 36, 57, 41, 50, 30, 50, 38, 55, 48, 
    44, 42, 50, 35, 50, 34, 41, 49, 43, 46, NA, 38, 36, 46, 34, 
    39, 43, 44, 40, 52, 49, 44, 42, 45, 46, 39, 61, 42, 46, 41, 
    53, 46, 53, 58, 30, 29, 41, 43, 27, 39, 26, 24, 46, 49, 39, 
    57, 44, 42, 39, 43, 40, 53, 35, 31, 40, 28, 44, 54, 40, 45, 
    44, 49, 57, 40, 64, 40, 58, 52, 38, 46, 48, 44, 33, 37, 48, 
    35, 43, 31, 33, 35, 49, 32, 50, 28, 34, 46, 44, 29, 35, 39, 
    48, 36, 47, 29, 47, NA, NA, 26, 29, 59, 36, 68, 45, 48, 48, 
    48, 64, 30, 36, 35, 42, 39, 46, 37, 48, 52, 47, 45, 53, 28, 
    39, 21, 36, 48, 55, 22, 45, 35, 37, NA, 48, 45, 29, 46, 46, 
    46, 48, 45, 46, 32, 45, 50, 31, 44, 31, 49, NA, 47, 50, 32, 
    32, 46, 57, NA, 34, 47, 25, 47, 43, 44, 42, 65, 35, NA, 43, 
    45, 65, 42, 52, 40, 41, 41, 36, 51, 33, 35, 39, 30, 32, 42, 
    42, 28, 38, 47, NA, 36, 38, 41, 46, 34, 32, 44, 46, NA, 37, 
    42, 23, 50, 34, 39, 43, 56, 43, NA, 50, 39, 38, 45, 37, 35, 
    70, 32, 52, 41, 47, 47, 43, 44, 39, 48, 41, 30, 59, 54, 39, 
    29, 37, 38, 41, 44, 53, 52, 37, 35, 54, 45, 26, 51, 38, 39, 
    47, 37, NA, 52, 40, 39, NA, 33, 43, 48), c28.W1 = c(5, 5, 
    6, 2, 2, 4, 4, 1, 2, 6, 1, 2, 4, 1, 1, NA, 2, 5, NA, 4, 3, 
    2, 2, 4, 3, 3, 2, 4, 4, 4, 5, 3, 2, 2, 2, 10, 4, 2, 3, 10, 
    4, NA, 3, 1, 4, 2, 2, 4, 2, 2, 5, 3, 3, 3, NA, 3, 2, 2, NA, 
    3, 5, 6, 2, 2, 4, 3, 5, 1, 3, 1, 2, 3, 4, 2, 2, 2, 2, 2, 
    4, 2, 1, 2, 2, 1, 1, 2, 4, NA, 5, 5, 3, 6, 1, 5, 2, 4, 2, 
    2, 5, 3, 7, 4, 6, 5, 5, 5, 4, 6, 2, 9, 6, 1, 4, 3, 2, 5, 
    2, 2, 2, 10, NA, 2, NA, 4, 7, 7, 8, 7, 5, 1, 3, NA, 2, 2, 
    2, 4, 4, 5, 5, 5, 3, 5, 3, 4, 9, 7, NA, 4, 5, 7, 8, 3, 10, 
    6, 2, 2, 6, 1, 5, 4, 2, 6, 3, 4, 5, 1, 2, 2, NA, 5, 4, 5, 
    2, 3, 5, 7, 4, 6, 5, 3, 5, 1, 4, 3, 4, 2, 4, NA, 4, 4, 1, 
    2, 6, 2, 5, 1, 6, 3, 2, 2, 7, 2, 3, 4, 5, 5, 3, 9, 5, 5, 
    7, 6, 4, 4, 2, 2, 2, 4, 4, 4, 5, 2, 5, 2, 2, 6, 2, 2, 4, 
    5, NA, 5, NA, 1, 4, 10, 2, 7, 2, NA, 4, 6, 10, 2, NA, 7, 
    8, 1, 5, 2, 2, 4, 1, 1, 4, 2, 5, 5, NA, 2, 4, 1, 2, 2, 4, 
    2, 4, NA, 4, 1, 2, 6, 3, 2, 3, 2, 2, NA, 1, 2, 3, 3, 4, 4, 
    2, 5, 3, 6, 5, 2, 1, 1, NA, 1, 3, 4, 4, 2, 5, 5, 2, 3, 3, 
    3, 4, 4, 5, 7, 6, 4, 3, 3, 4, 5, 2, 1, 5, 2, 2, 5, 1, 4, 
    3, 1, 1, 1, 3, NA, 2, 2, 2, 2, 2, 2, 2, 3, 7, 5, 2, 2, 5, 
    3, 4, 8, 6, 4, 6, 1, 4, 9, NA, 3, 2, 2, 2, 2, 2, 1, 1, 9, 
    4, 4, 2, 1, 6, 5, 2, 1, 1, 1, 1, 2, 6, NA, 3, 1, 6, NA, NA, 
    1, 4, 3, 6, 3, 5, 2, 1, 2, 1, 8, 7, 6, 1, 2, 1, NA, 4, 1, 
    1, 1, 4, 2, 4, 2, 3, 5, 2, 5, 4, 2, 5, NA, 3, 2, 2, 5, 2, 
    4, 6, 8, 4, 3, 1, 4, 1, 1, 2, 2, NA, 4, 4, 2, 4, 4, 4, NA, 
    4, 1, 1, 1, 4, 1, 4, 3, 1, NA, 8, 1, 3, NA, 2, 3, 2, 2, 5, 
    NA, 6, 1, 4, 1, 4, 1, 5, 3, 3, 1, NA, 4, 8, 4, 2, 1, 1, 1, 
    1, NA, 1, 2, 1, 4, 2, 2, 1, 1, 1, NA, 2, 6, 2, 3, 5, 2, 5, 
    1, 1, 2, 5, 1, 4, 2, 4, 1, 4, 5, 4, 5, 4, NA, 5, 2, 2, 4, 
    2, 1, 3, 2, 2, 2, 1, 1, 5, 5, 3, 4, NA, 4, 2, 2, NA, 4, 1, 
    3),